1 3.540368220811274E-9 3.939907289307598E-9
3 3.540368220811274E-9 3.939907289307598E-9
9 3.540368220811274E-9 3.939907289307598E-9
27 3.540368220811274E-9 3.939907289307598E-9
81 3.540368220811274E-9 3.939907289307598E-9
243 3.540368220811274E-9 3.939907289307598E-9
729 3.540368220811274E-9 3.939907289307598E-9
2187 3.540368220811274E-9 3.939907289307598E-9
6561 3.540368220811274E-9 3.939907289307598E-9
19683 3.540368220811274E-9 3.939907289307598E-9
59049 3.540368220811274E-9 3.939907289307598E-9
