0.1 0.0035774121988121355 0.0039529749755542465
0.03333333333333333 3.938278317139332E-4 4.379287519873376E-4
0.011111111111111112 4.371383211432267E-5 4.86428536257133E-5
0.003703703703703704 4.856539717712494E-6 5.404565312172593E-6
0.0012345679012345679 5.39608700611538E-7 6.005048340806951E-7
4.1152263374485596E-4 5.995643825862373E-8 6.672272956365077E-8
1.3717421124828533E-4 6.661821982945071E-9 7.413635705333377E-9
4.5724737082761774E-5 7.402041202198006E-10 8.237373005925974E-10
1.5241579027587257E-5 8.224687597646607E-11 9.153056090838163E-11
5.080526342529086E-6 9.150680213565465E-12 1.0174527886874785E-11
1.6935087808430286E-6 1.0165202013467933E-12 1.127764548414234E-12
5.645029269476762E-7 1.0524914273446484E-13 1.467714838554457E-13
1.8816764231589206E-7 3.241851231905457E-14 7.30526750203353E-14
6.272254743863069E-8 1.3988810110276972E-14 2.4202861936828413E-14
2.0907515812876898E-8 3.730349362740526E-14 1.1524114995609125E-13
6.9691719376256324E-9 1.4566126083082054E-13 2.502442697505103E-13
2.3230573125418775E-9 1.4943601911454607E-13 7.993605777301127E-14
